AutoML version: 1.0.0
  0%|          | 0/31 [00:00<?, ?it/s]  3%|▎         | 1/31 [00:00<00:21,  1.37it/s]  6%|▋         | 2/31 [00:01<00:15,  1.87it/s] 10%|▉         | 3/31 [00:01<00:13,  2.15it/s] 13%|█▎        | 4/31 [00:01<00:11,  2.32it/s] 16%|█▌        | 5/31 [00:02<00:10,  2.54it/s] 19%|█▉        | 6/31 [00:02<00:09,  2.59it/s] 23%|██▎       | 7/31 [00:02<00:08,  2.67it/s] 26%|██▌       | 8/31 [00:03<00:08,  2.56it/s] 29%|██▉       | 9/31 [00:03<00:08,  2.56it/s] 32%|███▏      | 10/31 [00:04<00:08,  2.52it/s] 35%|███▌      | 11/31 [00:04<00:07,  2.71it/s] 39%|███▊      | 12/31 [00:04<00:07,  2.47it/s] 42%|████▏     | 13/31 [00:05<00:07,  2.49it/s] 45%|████▌     | 14/31 [00:05<00:06,  2.55it/s] 48%|████▊     | 15/31 [00:06<00:06,  2.56it/s] 52%|█████▏    | 16/31 [00:06<00:05,  2.66it/s] 55%|█████▍    | 17/31 [00:06<00:05,  2.74it/s] 58%|█████▊    | 18/31 [00:07<00:04,  2.75it/s] 61%|██████▏   | 19/31 [00:07<00:04,  2.70it/s] 65%|██████▍   | 20/31 [00:07<00:04,  2.55it/s] 68%|██████▊   | 21/31 [00:08<00:03,  2.56it/s] 71%|███████   | 22/31 [00:08<00:03,  2.49it/s] 74%|███████▍  | 23/31 [00:09<00:03,  2.61it/s] 77%|███████▋  | 24/31 [00:09<00:03,  2.27it/s] 81%|████████  | 25/31 [00:10<00:02,  2.44it/s] 84%|████████▍ | 26/31 [00:10<00:01,  2.51it/s] 87%|████████▋ | 27/31 [00:10<00:01,  2.66it/s] 90%|█████████ | 28/31 [00:11<00:01,  2.61it/s] 94%|█████████▎| 29/31 [00:11<00:00,  2.73it/s] 97%|█████████▋| 30/31 [00:11<00:00,  2.83it/s]100%|██████████| 31/31 [00:12<00:00,  2.83it/s]100%|██████████| 31/31 [00:12<00:00,  2.55it/s]
XGBRegressor(base_score=0.5, booster='gbtree', colsample_bylevel=1.0,
             colsample_bynode=1, colsample_bytree=0.9486617325290021, gamma=0,
             gpu_id=-1, grow_policy='lossguide', importance_type='gain',
             interaction_constraints='', learning_rate=0.0601480953981978,
             max_delta_step=0, max_depth=0, max_leaves=69,
             min_child_weight=22.009974438640626, missing=nan,
             monotone_constraints='()', n_estimators=215, n_jobs=-1,
             num_parallel_tree=1, random_state=0, reg_alpha=0.0722592002450368,
             reg_lambda=9.532004391126, scale_pos_weight=1,
             subsample=0.7809105700208713, tree_method='hist',
             use_label_encoder=False, validate_parameters=1, verbosity=0)
