AutoML version: 1.0.0
  0%|          | 0/31 [00:00<?, ?it/s]  3%|▎         | 1/31 [00:00<00:16,  1.87it/s]  6%|▋         | 2/31 [00:00<00:13,  2.14it/s] 10%|▉         | 3/31 [00:01<00:11,  2.38it/s] 13%|█▎        | 4/31 [00:01<00:10,  2.48it/s] 16%|█▌        | 5/31 [00:02<00:09,  2.66it/s] 19%|█▉        | 6/31 [00:02<00:09,  2.78it/s] 23%|██▎       | 7/31 [00:02<00:08,  2.79it/s] 26%|██▌       | 8/31 [00:03<00:08,  2.81it/s] 29%|██▉       | 9/31 [00:03<00:07,  2.79it/s] 32%|███▏      | 10/31 [00:03<00:07,  2.76it/s] 35%|███▌      | 11/31 [00:04<00:07,  2.79it/s] 39%|███▊      | 12/31 [00:04<00:06,  2.79it/s] 42%|████▏     | 13/31 [00:04<00:06,  2.80it/s] 45%|████▌     | 14/31 [00:05<00:05,  2.84it/s] 48%|████▊     | 15/31 [00:05<00:05,  2.82it/s] 52%|█████▏    | 16/31 [00:05<00:05,  2.84it/s] 55%|█████▍    | 17/31 [00:06<00:05,  2.76it/s] 58%|█████▊    | 18/31 [00:06<00:04,  2.86it/s] 61%|██████▏   | 19/31 [00:06<00:04,  2.87it/s] 65%|██████▍   | 20/31 [00:07<00:03,  2.78it/s] 68%|██████▊   | 21/31 [00:07<00:03,  2.78it/s] 71%|███████   | 22/31 [00:08<00:03,  2.77it/s] 74%|███████▍  | 23/31 [00:08<00:02,  2.72it/s] 77%|███████▋  | 24/31 [00:08<00:02,  2.71it/s] 81%|████████  | 25/31 [00:09<00:02,  2.71it/s] 84%|████████▍ | 26/31 [00:09<00:01,  2.83it/s] 87%|████████▋ | 27/31 [00:09<00:01,  2.84it/s] 90%|█████████ | 28/31 [00:10<00:01,  2.84it/s] 94%|█████████▎| 29/31 [00:10<00:00,  2.98it/s] 97%|█████████▋| 30/31 [00:10<00:00,  2.98it/s]100%|██████████| 31/31 [00:11<00:00,  2.98it/s]100%|██████████| 31/31 [00:11<00:00,  2.77it/s]
XGBRegressor(base_score=0.5, booster='gbtree',
             colsample_bylevel=0.7636881354511923, colsample_bynode=1,
             colsample_bytree=1.0, gamma=0, gpu_id=-1, grow_policy='lossguide',
             importance_type='gain', interaction_constraints='',
             learning_rate=0.03768731573120855, max_delta_step=0, max_depth=0,
             max_leaves=17, min_child_weight=10.253744974310022, missing=nan,
             monotone_constraints='()', n_estimators=848, n_jobs=-1,
             num_parallel_tree=1, random_state=0,
             reg_alpha=0.0012574531680226528, reg_lambda=0.012988788048118392,
             scale_pos_weight=1, subsample=0.8836337006206285,
             tree_method='hist', use_label_encoder=False, validate_parameters=1,
             verbosity=0)
