AutoML version: 1.0.0
  0%|          | 0/31 [00:00<?, ?it/s]  3%|▎         | 1/31 [00:00<00:19,  1.55it/s]  6%|▋         | 2/31 [00:01<00:15,  1.82it/s] 10%|▉         | 3/31 [00:01<00:13,  2.14it/s] 13%|█▎        | 4/31 [00:01<00:11,  2.28it/s] 16%|█▌        | 5/31 [00:02<00:10,  2.51it/s] 19%|█▉        | 6/31 [00:02<00:09,  2.62it/s] 23%|██▎       | 7/31 [00:02<00:09,  2.66it/s] 26%|██▌       | 8/31 [00:03<00:09,  2.44it/s] 29%|██▉       | 9/31 [00:03<00:08,  2.45it/s] 32%|███▏      | 10/31 [00:04<00:08,  2.52it/s] 35%|███▌      | 11/31 [00:04<00:07,  2.51it/s] 39%|███▊      | 12/31 [00:04<00:07,  2.51it/s] 42%|████▏     | 13/31 [00:05<00:06,  2.57it/s] 45%|████▌     | 14/31 [00:05<00:06,  2.62it/s] 48%|████▊     | 15/31 [00:06<00:06,  2.64it/s] 52%|█████▏    | 16/31 [00:06<00:05,  2.62it/s] 55%|█████▍    | 17/31 [00:06<00:05,  2.73it/s] 58%|█████▊    | 18/31 [00:07<00:04,  2.82it/s] 61%|██████▏   | 19/31 [00:07<00:04,  2.84it/s] 65%|██████▍   | 20/31 [00:07<00:04,  2.75it/s] 68%|██████▊   | 21/31 [00:08<00:03,  2.71it/s] 71%|███████   | 22/31 [00:08<00:04,  2.15it/s] 74%|███████▍  | 23/31 [00:09<00:03,  2.35it/s] 77%|███████▋  | 24/31 [00:09<00:03,  2.28it/s] 81%|████████  | 25/31 [00:10<00:02,  2.40it/s] 84%|████████▍ | 26/31 [00:10<00:02,  2.41it/s] 87%|████████▋ | 27/31 [00:10<00:01,  2.40it/s] 90%|█████████ | 28/31 [00:11<00:01,  2.50it/s] 94%|█████████▎| 29/31 [00:11<00:00,  2.61it/s] 97%|█████████▋| 30/31 [00:11<00:00,  2.74it/s]100%|██████████| 31/31 [00:12<00:00,  2.83it/s]100%|██████████| 31/31 [00:12<00:00,  2.52it/s]
LGBMRegressor(colsample_bytree=0.9928406102342785,
              learning_rate=0.005921214937313051, max_bin=1023,
              min_child_samples=6, n_estimators=1938, num_leaves=40,
              reg_alpha=0.005499570510551526, reg_lambda=0.18763598323632888,
              verbose=-1)
